# start probing 206.189.168.49...
1574737459 1000
1574788162 1000
1574838196 1000
1574888598 1000
1574914215 1000
1574916932 1000
1574916936 1000
1574916940 1000
1574920398 1000
1574934903 1000
1574934907 1000
1574934911 1000
1575031799 1000
1575031803 1000
1575031807 1000
1575063965 1000
1575076203 1000
1575076207 1000
1575076211 1000
1575076215 1000
1575076219 1000
1575076223 1000
1575076227 1000
1575114984 1000
1575114988 1000
1575114992 1000
1575196649 1000
1575206308 1000
1575206312 1000
1575206316 1000
1575206320 1000
